[views/manage_deployment]
version = 9.0.2
modtime = 1735638844.210884000

[views/manage_deployment2]
version = 9.0.2
modtime = 1730993604.614863000

[views/home]
version = 9.0.2
modtime = 1734435081.211213000
